18527 15307 13550 11235 8913 8090 7249 6945 6347 6091 5685 5190 5018 4725 4363 4032 3883 3831 3614 3564 3625 3440 3434 3475 3227 3175 3266 3304 3264 3281 3191 3280 3270 3207 3271 3315 3239 3172 3270 3334 3613 3457 3237 3266 3203 3184 3149 3195 3133 3136 3224 3260 3174 3229 3377 3450 3757 4106 4369 4481 4888 4933 5254 5328 6318 6594 7377 8004 9732 15075 18655 18604 19063 19121 18919 18903 
18655 15067 13213 11125 8934 8054 7385 6912 6205 6009 5634 5187 5089 4538 4335 4053 3924 3896 3657 3492 3498 3549 3466 3382 3148 3252 3259 3123 3143 3182 3247 3251 3331 3354 3283 3380 3268 3282 3344 3312 3426 3483 3325 3260 3335 3126 3119 3055 3042 3020 3139 3125 3205 3359 3325 3454 3734 4041 4305 4395 4733 4786 5052 5512 6230 6554 7310 7997 9842 15457 18691 18884 18769 18768 19082 19021 
18617 15032 13278 10996 9107 8137 7487 6718 6397 6177 5582 5143 4960 4836 4215 4053 3915 3825 3688 3599 3603 3577 3547 3315 3262 3229 3244 3202 3226 3222 3262 3278 3284 3311 3338 3331 3341 3258 3279 3369 3337 3445 3384 3259 3182 3223 3173 3040 3048 3101 3264 3190 3207 3253 3358 3501 3815 4078 4403 4445 4653 5029 5032 5461 6348 6501 7298 8139 9902 15637 18129 19109 19001 18858 18983 18911 
18251 15052 13070 11026 9057 8380 7369 6911 6339 6051 5470 5220 5034 4762 4273 4054 3914 3682 3781 3641 3608 3565 3421 3386 3322 3250 3234 3235 3370 3249 3269 3129 3314 3303 3250 3261 3318 3365 3353 3285 3486 3434 3321 3271 3246 3218 3138 3195 3022 3101 3144 3258 3183 3313 3316 3565 3794 3936 4267 4397 4776 4963 5182 5647 6188 6609 7229 7938 9720 15505 17830 18749 18926 18934 18897 18983 
18340 15514 13158 11073 9420 8529 7543 6893 6297 5974 5426 5278 5010 4653 4350 4074 3804 3706 3668 3631 3547 3678 3443 3324 3245 3333 3299 3370 3254 3317 3302 3226 3303 3284 3356 3162 3246 3300 3415 3463 3303 3492 3395 3324 3156 3231 3115 3109 3074 3105 3205 3130 3159 3274 3359 3440 3744 3935 4163 4352 4620 4851 5023 5533 6018 6627 7378 8011 9640 15033 17684 18503 18699 18946 19095 19035 
18294 15085 13118 10928 9307 8356 7318 6672 6331 5894 5457 5207 4990 4724 4274 4123 3972 3862 3630 3656 3536 3545 3491 3386 3349 3232 3292 3313 3373 3322 3302 3309 3180 3369 3273 3364 3191 3433 3300 3389 3371 3407 3471 3324 3363 3227 3127 3072 3131 3081 3210 3098 3106 3287 3289 3476 3775 3997 4212 4336 4563 4961 5036 5664 6012 6669 7354 8086 9823 14735 17027 18380 19195 19007 19144 18910 
18131 15065 13541 11185 9630 8366 7425 6659 6257 5941 5358 5212 5015 4579 4235 3984 3927 3748 3657 3582 3565 3530 3484 3416 3322 3286 3413 3356 3283 3387 3278 3378 3390 3318 3356 3271 3301 3487 3326 3381 3314 3429 3534 3342 3275 3127 3157 3084 3110 3108 3159 3162 3150 3016 3312 3462 3628 4065 4273 4303 4605 4752 5192 5741 5915 6687 7362 8098 10145 14415 16811 18007 19003 18903 19205 18781 
18009 15326 14106 11570 9601 8149 7310 6754 6322 5843 5439 5054 5030 4649 4249 4149 3973 3806 3534 3488 3493 3436 3472 3461 3231 3439 3397 3403 3431 3399 3346 3381 3429 3323 3313 3233 3380 3334 3342 3265 3411 3455 3464 3476 3393 3230 3143 3045 3103 3194 3073 3216 3163 3108 3364 3533 3648 3820 4094 4344 4706 4823 5028 5430 5840 6553 7185 7955 10203 14044 16215 17685 18799 18877 18893 19122 
18358 15601 14061 11595 9414 8237 7272 6732 6272 5875 5548 5181 4941 4557 4347 4008 3856 3839 3638 3748 3714 3561 3433 3364 3446 3514 3380 3500 3377 3311 3410 3432 3445 3298 3411 3271 3313 3298 3345 3396 3345 3257 3360 3360 3323 3180 3028 3093 3011 3112 3107 3100 3122 3246 3366 3492 3719 3926 4090 4386 4563 4661 4961 5659 6037 6634 7422 7964 10134 13698 15691 17038 18808 18987 18613 18990 
17981 15835 14185 11857 9371 8210 7104 6450 6302 5857 5440 5044 5014 4578 4279 4122 3750 3711 3673 3640 3595 3453 3445 3386 3373 3541 3412 3422 3444 3527 3444 3479 3459 3421 3378 3329 3512 3393 3275 3357 3337 3455 3430 3514 3326 3222 3077 3206 3001 3085 3112 3277 3157 3268 3365 3497 3744 3878 4240 4288 4478 4704 5213 5456 6018 6662 7240 8449 10062 13278 15540 16694 18522 18967 18874 18832 
18159 16062 14552 12146 9341 8023 7007 6491 6233 5882 5448 5139 4885 4502 4238 4018 3859 3739 3648 3732 3649 3612 3529 3461 3410 3563 3573 3571 3486 3559 3428 3430 3532 3453 3427 3347 3385 3380 3433 3396 3362 3366 3312 3434 3296 3098 3196 3148 3197 3213 3090 3130 3122 3203 3391 3469 3739 3829 4025 4330 4661 4777 5108 5359 5886 6429 7506 8380 10021 13114 14997 16451 19056 18916 18939 18954 
18333 16292 15033 12073 9398 8021 7040 6621 6282 5774 5354 4971 4950 4361 4241 4012 3939 3837 3722 3730 3792 3565 3420 3503 3629 3559 3639 3529 3546 3532 3496 3513 3435 3394 3384 3493 3457 3322 3319 3305 3344 3363 3312 3263 3185 3093 3063 3126 3194 3046 3139 3109 3134 3255 3414 3520 3722 3754 4095 4264 4447 4841 5143 5365 5886 6554 7410 8299 9984 12579 14449 16257 18627 19031 18882 18789 
18384 16646 15348 12264 9286 7946 7089 6607 6226 5658 5274 5100 4755 4382 4257 3969 3972 3815 3818 3794 3676 3552 3503 3478 3589 3606 3658 3549 3592 3545 3595 3452 3464 3494 3411 3306 3379 3403 3369 3343 3338 3422 3358 3296 3180 3025 3149 3151 3091 3116 3087 3071 3167 3411 3394 3490 3695 3742 4045 4204 4380 4781 5074 5350 6007 6632 7342 8233 9957 12348 14147 15651 18420 18955 18904 18994 
18815 17084 15480 12054 9032 7591 6994 6424 6149 5692 5243 5039 4782 4405 4319 4035 3997 3887 3760 3742 3522 3621 3535 3478 3676 3628 3589 3647 3694 3528 3501 3723 3622 3422 3483 3532 3470 3354 3351 3402 3382 3319 3330 3110 3109 3106 3097 3184 3065 3020 3139 2983 3275 3433 3403 3542 3529 3849 4065 4187 4508 4653 5236 5464 5977 6656 7431 8055 9965 12062 13552 15059 18634 19122 18980 18936 
18799 17574 16207 12060 8865 7857 6956 6309 6085 5653 5251 4959 4684 4456 4254 4059 3975 3702 3819 3898 3666 3569 3575 3665 3505 3664 3694 3594 3640 3738 3666 3596 3547 3370 3525 3507 3484 3433 3463 3421 3357 3220 3130 2983 3081 3085 3082 3084 3041 3002 3125 3234 3248 3227 3442 3463 3586 3751 3887 4348 4516 4749 5111 5340 6030 6750 7118 8317 9406 11666 13118 14811 18533 18919 18887 18796 
18839 18032 16456 12164 8768 7761 6795 6126 6066 5679 5102 4989 4648 4392 4279 4047 4047 3893 3982 3800 3786 3733 3544 3594 3685 3622 3656 3688 3735 3753 3557 3592 3571 3438 3432 3462 3492 3421 3551 3433 3316 3212 3126 3078 3086 3045 3038 3040 3119 3157 3154 3231 3273 3188 3330 3453 3640 3714 4118 4351 4475 4790 5052 5398 6031 6906 7210 8117 9060 11310 12731 14511 18371 18786 18768 18926 
19177 18161 16804 11638 8863 7627 6700 6320 6160 5623 5234 4939 4771 4451 4365 4049 3928 3949 3855 3833 3550 3672 3706 3735 3636 3763 3682 3766 3779 3708 3792 3664 3641 3416 3521 3478 3485 3427 3426 3484 3471 3236 2966 3055 3098 3013 2985 2962 3019 3113 3167 3233 3253 3337 3197 3554 3586 3653 3957 4382 4445 4786 5067 5567 6043 6711 7216 7999 8955 10999 12528 14319 18351 18942 18818 18848 
18877 18740 17218 11411 8624 7763 6707 6088 6131 5458 5147 5057 4591 4294 4231 4194 3912 3946 3912 3776 3618 3585 3632 3800 3759 3782 3787 3773 3750 3763 3712 3691 3561 3518 3501 3456 3426 3497 3380 3492 3456 3176 3055 3106 3075 2958 2991 2884 3131 3225 3195 3178 3295 3379 3295 3470 3630 3780 4119 4307 4461 4724 5167 5663 6031 6746 7146 7747 8832 10657 12316 14353 17921 18785 18927 19109 
18858 18812 18015 11782 8560 7536 6621 6158 6138 5657 5199 4997 4660 4542 4368 4173 3903 4009 3930 3871 3727 3687 3741 3779 3723 3802 3742 3873 3869 3752 3837 3712 3665 3538 3531 3537 3523 3432 3446 3530 3322 3155 3123 3039 3072 2968 2971 2958 3099 3127 3134 3164 3274 3255 3318 3544 3700 3984 4038 4315 4531 4802 5288 5567 6165 6780 7082 7537 8512 10034 11979 14130 17611 19031 18938 19061 
19029 19309 18305 12087 8453 7494 6566 6084 6077 5521 5053 5089 4633 4552 4329 4115 3957 3963 3926 3882 3824 3803 3790 3878 3832 3926 3865 3703 3719 3808 3786 3716 3627 3715 3685 3555 3555 3509 3510 3516 3223 3139 3089 3094 3060 2976 2886 2975 3086 3100 3114 3209 3211 3274 3283 3489 3735 3926 4079 4512 4617 4865 5222 5664 6095 6762 6868 7268 8069 10068 12163 13855 16878 19283 18969 18893 
18739 18872 17881 11610 8400 7294 6509 5998 5797 5485 5358 5094 4742 4616 4448 4112 4020 3904 3993 3915 3781 3734 3801 3786 3734 3746 3821 3891 3838 3749 3636 3736 3622 3722 3454 3549 3537 3544 3344 3280 3150 3181 3112 3096 2995 3002 2972 3043 3257 3068 3196 3124 3412 3289 3353 3529 3793 3939 4036 4491 4889 4831 5261 5857 6142 6593 6879 7320 8027 9989 12120 14064 16829 18721 19101 18781 
18817 19006 17787 11700 8479 7230 6511 6108 5983 5430 5184 5017 4751 4496 4426 4290 4054 3972 3943 3978 3725 3747 3751 3870 3860 3866 3832 3796 3807 3794 3671 3697 3553 3654 3517 3495 3496 3534 3336 3211 3166 3066 3178 3124 3080 3023 3029 3076 3022 3110 3126 3200 3259 3204 3360 3572 3700 3980 4126 4603 4806 4916 5411 5700 6013 6327 6627 7168 7950 9742 11746 14016 16137 18829 18947 19139 
18916 18978 17626 11404 8890 7292 6531 6265 6027 5519 5372 5078 4791 4748 4410 4268 4221 4083 4023 3898 3841 3848 3793 3904 3840 3738 3918 3845 3880 3879 3780 3620 3616 3704 3581 3487 3477 3380 3408 3226 3265 3148 3092 3140 3011 3059 2970 2867 3169 3123 3212 3221 3277 3246 3434 3594 3853 4000 4192 4616 4882 4890 5469 5710 5844 6212 6463 6913 7977 9416 11527 13501 15448 18689 19103 19101 
19189 18831 17051 10944 9136 7703 6680 6276 5819 5504 5339 5025 4730 4565 4496 4360 4158 4107 4080 3966 3801 3939 3856 3920 3931 3927 3933 3731 3923 3777 3716 3589 3628 3488 3504 3437 3419 3336 3271 3262 3150 3166 3167 3005 2967 3038 3059 3140 3091 3067 3175 3155 3292 3212 3391 3561 4006 4195 4205 4597 4705 4802 5236 5662 5783 6052 6559 7018 7991 9357 11531 13579 15602 18306 18371 18795 
19007 18858 16109 10595 9130 7925 6868 6335 6029 5612 5465 5011 4757 4771 4366 4306 4132 4170 4084 3989 3932 3913 3856 3829 3829 3843 3897 3963 3814 3861 3689 3640 3540 3602 3446 3343 3401 3324 3272 3147 3252 3195 3133 3032 3059 3172 3058 3082 3080 3005 3251 3220 3221 3238 3447 3687 3948 4097 4271 4629 4860 4921 5238 5557 5689 5953 6513 7061 8105 9252 11541 13384 15541 18161 18956 19124 
18897 18597 15315 10483 9002 8111 6803 6596 5888 5566 5493 5079 4957 4870 4476 4331 4269 4199 4087 4055 3979 3921 3956 3880 3970 3914 3835 3857 3800 3789 3600 3535 3605 3445 3375 3353 3401 3276 3252 3117 3138 3246 3239 3176 3075 3151 3186 3102 3206 3069 3100 3164 3192 3185 3378 3660 3960 4154 4126 4587 4771 5019 5231 5483 5605 5958 6431 6911 7773 9031 11292 13031 15128 18157 18807 19245 
18794 18901 14799 10318 9048 8311 7206 6872 6095 5577 5413 5052 4971 4781 4564 4372 4350 4176 4150 4000 3887 3935 4044 3954 3911 3994 3946 3774 3687 3762 3654 3519 3616 3454 3326 3365 3262 3303 3196 3323 3246 3291 3041 3049 3113 3212 3078 3039 3088 3110 3100 3087 3255 3309 3595 3719 4124 4255 4265 4624 4866 4940 5115 5376 5625 5831 6608 7128 7858 9087 10879 12975 15106 17618 18874 18720 
18860 18932 13640 10368 9168 8056 7380 6958 6227 5707 5399 5050 5127 4812 4684 4294 4196 4246 4111 3909 4064 4026 3899 4020 3913 3901 3913 3762 3779 3694 3621 3551 3464 3467 3452 3437 3294 3225 3116 3191 3268 3192 3187 3137 3264 3228 3217 3243 3181 3122 3226 3320 3307 3395 3590 3683 4210 4230 4380 4615 4910 4633 5099 5235 5567 6067 6669 7074 7756 8909 10812 13095 14840 17322 18975 18874 
19038 18270 12941 10440 9146 8206 7347 7360 6405 5813 5691 5147 5179 4913 4656 4500 4357 4212 4103 4123 4164 4080 3978 3992 4010 3972 3942 3895 3793 3705 3504 3458 3415 3333 3394 3284 3277 3139 3273 3149 3196 3094 3190 3190 3179 3214 3120 3278 3264 3093 3244 3201 3311 3279 3689 3817 4035 4167 4305 4450 4543 4797 4978 5173 5668 5961 6475 6934 7686 8665 10525 12841 14707 16900 19088 18662 
19006 18096 13020 10326 9141 8108 7652 7157 6474 6208 5664 5165 5061 5043 4680 4435 4308 4314 4264 4116 4134 4039 4045 4026 4155 4002 3927 3835 3699 3593 3423 3335 3322 3337 3275 3434 3316 3186 3096 3235 3120 3205 3154 3157 3219 3106 3182 3275 3130 3263 3258 3473 3278 3409 3560 3766 4084 4263 4205 4333 4608 4735 4853 5224 5703 6078 6520 6918 7635 8793 10409 12585 14647 16627 19018 18639 
18931 17826 12708 10516 9250 8332 7707 7153 6635 6428 5721 5332 5016 5017 4764 4558 4327 4326 4145 4056 4133 4124 3969 3951 3931 3994 3895 3698 3803 3565 3465 3315 3320 3409 3407 3326 3181 3177 3120 3041 3072 3163 3160 3123 3248 3137 3235 3235 3193 3253 3302 3354 3388 3304 3627 3768 4022 4267 4175 4444 4545 4784 4919 5257 5619 6086 6574 6942 7511 8439 10141 12548 14191 16316 18775 18861 
18893 17058 12230 10463 9086 8210 7653 7111 6601 6433 5981 5676 5303 5033 4706 4504 4394 4245 4213 4105 4124 4129 4134 3943 4022 3940 3891 3755 3685 3558 3162 3219 3418 3252 3305 3302 3262 3211 3102 3260 3114 3252 3082 3081 3216 3191 3254 3277 3361 3309 3360 3410 3452 3514 3656 3773 4132 4110 4078 4443 4604 4716 4911 5421 5666 5969 6437 6841 7518 8300 10306 12596 14513 16667 19014 18861 
18788 16957 12327 10717 9340 8156 7830 7247 6612 6422 6048 5581 5380 5020 4923 4539 4371 4302 4120 4132 4117 4168 4091 3955 4048 3983 3774 3820 3593 3368 3317 3324 3279 3309 3172 3166 3090 3151 3129 3114 3087 3055 3104 3180 3105 3211 3223 3256 3288 3316 3314 3326 3355 3390 3702 3781 3943 3991 4075 4212 4573 4730 4839 5230 5652 5921 6478 6839 7508 8303 10087 12538 14076 16456 18611 18811 
19265 16737 12077 10537 9194 8173 7826 7357 6675 6504 6136 5698 5550 5220 4808 4619 4241 4295 4126 4160 4172 4066 4095 3932 3847 3829 3803 3685 3464 3279 3384 3374 3337 3372 3178 3083 3204 3086 3111 3104 3118 3222 3248 3054 3057 3279 3364 3304 3303 3274 3257 3426 3481 3398 3620 3718 3982 4117 4132 4296 4563 4740 4801 5343 5593 5926 6382 6886 7652 8295 9754 12193 13723 16170 18539 18808 
18579 16635 12115 10671 9230 8317 7836 7139 6790 6582 5948 5857 5729 5386 5108 4685 4512 4326 4307 4099 4038 4204 4066 3988 3898 3802 3760 3535 3415 3309 3364 3381 3439 3246 3127 3184 3156 3086 3153 3114 3144 3112 3056 3195 3255 3253 3311 3356 3395 3333 3345 3493 3415 3392 3609 3729 3872 4100 4254 4284 4513 4668 4808 5386 5605 6015 6327 6891 7572 8412 9768 12181 13847 15958 18375 18718 
18908 16117 12010 10494 9346 8386 7925 7355 6713 6640 5957 5802 5622 5262 5177 4855 4433 4407 4200 4130 4252 4061 4086 4058 3727 3741 3598 3459 3317 3341 3310 3230 3399 3291 3281 3198 3114 3035 3102 3014 2992 3138 3134 3157 3179 3273 3248 3329 3428 3320 3332 3483 3520 3285 3451 3755 3993 4319 4080 4280 4498 4736 4970 5217 5620 5876 6272 6807 7291 8140 9716 11807 14087 15748 18322 19098 
18969 16695 12226 10467 9366 8480 8153 7418 6861 6517 6007 5884 5722 5313 5150 4764 4643 4565 4257 4181 4027 4117 4029 3922 3837 3776 3583 3438 3321 3347 3383 3425 3316 3319 3187 3100 3109 3190 3168 3073 3014 3066 3135 3184 3360 3266 3372 3432 3316 3426 3356 3400 3391 3383 3653 3920 4030 4313 4158 4339 4484 4511 5001 5200 5549 5807 6246 6762 7250 8208 9627 11664 13829 15877 18511 19196 
19106 16672 12109 10713 9443 8284 7979 7455 7055 6619 6224 5793 5722 5463 5188 4849 4693 4587 4340 4178 4167 4074 3982 3983 3819 3659 3585 3306 3362 3467 3213 3301 3275 3253 3296 3229 3226 3121 3151 3104 2950 3031 3100 3144 3188 3285 3293 3388 3313 3267 3269 3340 3382 3418 3609 3848 3960 4146 4279 4278 4513 4721 4787 5230 5527 5815 6322 6760 7267 8192 9489 11840 13793 15775 18491 18939 
18817 17099 12290 10424 9640 8530 8171 7498 6940 6800 6168 5851 5491 5471 5185 4942 4559 4581 4500 4364 4291 4089 4063 3800 3775 3622 3657 3371 3336 3469 3317 3234 3258 3239 3231 3249 3168 3064 3119 3131 3135 3149 3203 3226 3134 3177 3333 3309 3159 3192 3168 3294 3445 3385 3679 3936 3924 4241 4315 4306 4548 4652 4852 5208 5590 5697 6374 6848 7412 8112 9612 11874 13643 15761 18553 19053 
18853 17385 12502 10628 9554 8672 8151 7407 7013 6721 6176 5970 5639 5413 5188 4765 4750 4627 4453 4335 4186 4220 3998 3878 3766 3549 3466 3421 3449 3352 3226 3208 3266 3302 3182 3123 3155 3081 3153 3204 3122 3135 3238 3137 3261 3194 3292 3281 3126 3099 3298 3363 3353 3513 3708 3774 3972 4251 4228 4345 4540 4735 4703 5186 5611 5601 6215 6733 7330 8131 9590 11823 13649 15633 18366 19029 
18901 17912 12617 10715 9590 8770 8073 7383 7124 6771 6164 5957 5747 5355 5115 5003 4672 4566 4416 4401 4224 4241 4034 3871 3619 3567 3448 3385 3510 3308 3268 3244 3303 3185 3200 3139 3217 3017 3167 3140 3253 3169 3188 3179 3117 3196 3127 3158 3201 3150 3256 3302 3492 3424 3752 3834 3898 4248 4148 4221 4500 4752 4842 5287 5676 5591 6157 6688 7147 8051 9512 12000 13463 15590 18458 18914 
18875 18234 12880 10876 9628 8663 7924 7472 6979 6886 6103 5905 5620 5371 5116 4825 4629 4514 4433 4253 4255 4124 3996 4000 3671 3499 3486 3465 3541 3412 3267 3276 3297 3195 3118 3201 3039 3069 3242 3200 3149 3176 3153 3158 3092 3134 3028 3085 3227 3155 3307 3427 3442 3306 3527 3831 4082 4155 4203 4384 4463 4738 4907 5315 5621 5730 6062 6605 7257 8301 9665 11804 13593 15235 18586 18883 
18960 18548 13242 10962 9766 8648 8071 7320 6951 6575 6115 5997 5669 5405 5025 4756 4647 4452 4362 4248 4166 4056 3855 3985 3836 3598 3510 3445 3451 3250 3199 3253 3206 3236 3175 3260 3016 3215 3224 3228 3242 3252 3119 3083 3071 3104 3101 3197 3127 3161 3196 3307 3342 3453 3541 3809 3913 4193 4113 4303 4560 4742 4895 5162 5592 5808 6257 6806 7147 8104 9622 11835 13570 15773 18858 19081 
18822 18743 14232 11055 9864 8552 8206 7551 7164 6902 6265 5860 5698 5425 5151 4797 4707 4511 4258 4244 4149 4055 4000 3824 3678 3698 3583 3635 3449 3262 3307 3305 3163 3139 3203 3103 3058 3276 3321 3311 3258 3347 3074 3170 3085 3164 3211 3195 3138 3003 3254 3325 3279 3421 3531 3822 3977 4086 4175 4278 4483 4763 4770 5055 5665 5698 6326 6600 7183 8106 9609 11774 13792 15660 18587 18938 
18858 19041 15104 11078 9833 8774 8059 7546 6967 6788 6279 5847 5593 5422 5209 4805 4705 4448 4295 4112 4037 3922 3872 3751 3700 3665 3677 3646 3498 3275 3249 3221 3286 3182 3162 3152 3145 3249 3320 3244 3155 3176 3074 3049 3050 3182 3232 3122 2989 3058 3308 3294 3436 3457 3485 3778 3958 4014 4207 4271 4539 4650 4686 5154 5573 5873 6144 6848 7246 8047 9551 11870 13793 15663 18577 18892 
18894 18604 15851 11571 9812 8684 8104 7270 6987 6790 6326 5808 5599 5457 5073 4691 4483 4454 4139 3993 4042 3946 3937 3736 3624 3698 3656 3778 3504 3365 3257 3260 3195 3111 3075 3181 3189 3195 3277 3202 3124 3113 3081 3080 3102 3158 3223 3051 3078 3178 3261 3252 3344 3319 3460 3830 3966 4075 4307 4152 4551 4756 4702 5016 5457 5573 6303 6792 7336 7933 9640 12213 13641 16037 18899 18990 
19117 18838 16820 12269 10201 8891 8199 7585 6875 6643 6330 5949 5611 5361 4897 4646 4424 4167 4083 4090 4069 3965 3807 3794 3731 3698 3740 3675 3579 3336 3379 3348 3266 3127 3208 3268 3379 3213 3196 3240 3154 3228 3190 3160 3133 3203 3211 3163 3134 3058 3140 3240 3341 3405 3508 3746 3968 4004 4284 4241 4624 4709 4737 5116 5497 5679 6192 6859 7327 8176 9703 11764 13728 16174 18675 18728 
18850 18671 17970 12455 10227 8807 8132 7570 7014 6513 6264 5866 5602 5148 4820 4643 4375 4237 4179 4048 4054 3728 3821 3756 3808 3641 3719 3794 3470 3361 3264 3375 3272 3260 3198 3183 3306 3222 3199 3248 3121 3134 3081 3096 3080 3306 3224 3053 3001 3080 3118 3259 3335 3325 3429 3742 3852 4102 4206 4260 4417 4633 4656 4979 5456 5565 6232 6795 7269 8308 9615 11908 13759 15888 18542 18906 
18936 18895 18445 13311 10411 8999 7991 7576 6870 6534 6288 5614 5394 5033 4876 4582 4416 4252 4077 3976 3979 3828 3797 3742 3751 3737 3633 3526 3447 3356 3402 3388 3273 3207 3259 3172 3204 3237 3193 3144 3218 3145 3131 3157 3085 3145 3087 3054 3010 3058 3117 3005 3208 3337 3490 3795 4065 3995 4144 4241 4441 4614 4741 4935 5420 5649 6034 6671 7462 8554 9959 11842 13779 16048 18529 18641 
18773 18998 18713 14146 10643 9146 8148 7590 6908 6528 6144 5636 5362 5112 4922 4499 4321 4292 4188 3941 3936 3887 3874 3697 3728 3699 3551 3435 3483 3422 3440 3164 3172 3177 3210 3353 3265 3303 3233 3370 3376 3149 3230 3305 3104 3062 3140 2999 3062 3072 3115 3189 3322 3294 3452 3703 3883 4087 4136 4055 4391 4629 4630 5025 5350 5583 6211 6698 7565 8672 9892 12272 13943 16282 18798 19039 
19014 18976 18926 15538 11009 9043 8166 7431 7194 6538 6194 5582 5428 5064 4727 4521 4455 4201 3936 3888 4026 3721 3761 3763 3775 3741 3624 3553 3460 3442 3399 3265 3180 3221 3283 3346 3355 3320 3248 3246 3321 3224 3098 3208 3192 3098 3093 3092 3118 3104 3234 3237 3240 3290 3429 3676 3923 3971 4134 4148 4332 4521 4834 4926 5276 5675 6075 6744 7436 8577 10006 12329 13844 16334 19047 18825 
18851 18924 19261 16744 11182 9254 8172 7485 6911 6559 6101 5471 5253 4923 4781 4507 4425 4141 4084 3962 3881 3973 3741 3664 3605 3621 3503 3372 3402 3499 3271 3177 3286 3273 3449 3492 3347 3405 3384 3322 3304 3316 3075 3140 3155 3111 3198 3054 3077 3017 3273 3105 3234 3183 3458 3723 3894 4013 4203 4195 4304 4669 4597 4902 5204 5394 5997 6695 7456 8571 10169 12470 14204 16228 18914 18924 
18769 18954 19048 17574 11647 9470 8107 7487 6874 6441 6010 5545 5274 4830 4641 4358 4214 4168 4074 3909 3992 3778 3846 3515 3564 3517 3568 3439 3535 3362 3225 3157 3330 3331 3433 3403 3408 3491 3416 3310 3279 3211 3082 3225 3100 3289 3221 3156 2999 3019 3229 3209 3247 3192 3341 3631 3796 4049 4167 4261 4212 4742 4738 4797 5299 5497 6042 6604 7450 8658 10656 12550 14161 16566 18651 18766 
18942 18878 19020 18198 12250 9296 8307 7554 6738 6324 5918 5423 5210 4937 4800 4390 4340 4138 3937 4070 3814 3791 3672 3629 3583 3574 3576 3468 3412 3352 3215 3345 3388 3358 3469 3499 3481 3503 3409 3379 3436 3276 3160 3186 3113 2974 3119 3075 3090 3008 3143 3187 3196 3144 3313 3588 3869 3996 4227 4095 4300 4693 4697 4860 5296 5474 6279 6498 7509 8918 10888 13010 14455 16555 19071 18925 
18863 18759 18954 18917 13411 9441 8421 7690 6725 6271 5915 5551 5264 4942 4648 4527 4238 4101 4078 3782 3781 3809 3587 3526 3602 3508 3394 3386 3375 3336 3179 3212 3352 3361 3441 3469 3480 3426 3414 3282 3414 3308 3250 3148 3071 3112 3129 3067 3028 2987 3152 3072 3173 3188 3316 3593 3863 4017 4237 4191 4218 4581 4647 4756 5226 5295 5969 6659 7267 8836 10659 12821 14634 16782 18582 18921 
18983 18840 18864 18810 14459 9969 8682 7651 6832 6302 5814 5483 5254 4820 4606 4334 4194 4001 4086 3895 3762 3601 3616 3621 3554 3314 3309 3385 3401 3440 3234 3233 3420 3324 3445 3357 3429 3502 3339 3335 3464 3266 3234 3244 3156 3100 3195 3172 3160 3034 3074 3163 3097 3166 3309 3460 3813 4024 4130 4087 4259 4574 4729 4828 5179 5446 5975 6659 7259 8644 11033 13070 14447 16845 18926 18905 
18780 18968 18884 18771 14676 10254 8619 7440 6743 6442 5728 5575 5064 4862 4609 4289 4103 3935 3856 3731 3692 3754 3635 3453 3356 3382 3320 3409 3432 3362 3254 3357 3518 3360 3366 3394 3317 3428 3337 3325 3359 3337 3361 3166 3220 3206 3120 3187 3127 3090 3072 3038 3129 3046 3209 3603 3697 4091 4148 4148 4296 4551 4665 4844 5221 5433 5981 6585 7403 8650 11491 12974 14975 17505 18869 18781 
19069 18759 19004 18839 15603 10515 8598 7386 6865 6175 5664 5474 5153 4936 4634 4358 4239 3995 3894 3828 3676 3568 3469 3396 3269 3330 3519 3362 3459 3418 3283 3390 3433 3419 3352 3395 3425 3313 3350 3349 3371 3306 3296 3240 3094 3144 3262 3157 3142 3146 3089 3234 3107 3119 3210 3482 3709 3952 4194 4161 4319 4354 4711 4818 5242 5403 5940 6712 7331 8470 11278 13042 14736 17783 18665 18877 
18742 19098 18868 19011 16247 11188 8730 7520 6810 6327 5936 5521 5230 4889 4497 4273 4163 4010 3805 3718 3632 3360 3300 3286 3285 3255 3370 3353 3314 3515 3376 3372 3313 3329 3417 3425 3403 3416 3476 3422 3319 3372 3276 3255 3131 3144 3084 3197 3200 3198 3132 3106 3172 3212 3255 3382 3713 3954 4184 4134 4226 4506 4628 4898 5296 5375 5804 6703 7235 8383 11307 13259 14987 18160 18966 18899 
18733 18941 18957 18846 16407 11234 8614 7512 6777 6199 5947 5581 5230 5102 4613 4269 4099 3848 3820 3632 3465 3366 3388 3381 3415 3370 3344 3302 3446 3338 3351 3436 3328 3279 3369 3456 3401 3288 3388 3442 3282 3394 3215 3289 3189 3169 3183 3261 3198 3147 3234 3175 3272 3186 3267 3411 3665 4077 4088 4184 4211 4446 4597 4824 5239 5477 6004 6659 7201 8912 11071 13320 15248 18174 18809 18630 
18971 18839 18963 19002 16637 11096 8839 7628 6828 6255 5974 5474 5405 4953 4549 4397 4208 3967 3733 3425 3390 3420 3342 3281 3287 3278 3375 3319 3421 3442 3370 3370 3313 3358 3348 3349 3397 3308 3404 3359 3428 3319 3221 3207 3199 3234 3170 3249 3294 3228 3231 3194 3214 3301 3303 3311 3636 3953 4023 4168 4365 4350 4479 4756 5248 5560 5921 6803 7406 8927 11388 13153 15720 18497 18789 18823 
18753 19075 18528 19176 17137 11383 8898 7889 6951 6276 6083 5689 5241 4980 4594 4301 3995 3777 3727 3528 3484 3325 3353 3382 3259 3245 3233 3383 3548 3456 3382 3311 3303 3320 3323 3336 3352 3361 3433 3341 3338 3165 3225 3158 3180 3182 3157 3174 3223 3267 3291 3336 3254 3293 3405 3358 3510 3797 4047 4164 4203 4330 4572 4834 5098 5417 6021 6640 7443 8623 10813 12883 15457 18676 18876 18980 
19030 18895 19123 18832 17365 11360 9114 7800 7276 6536 6134 5453 5348 4836 4537 4351 3920 3693 3665 3338 3430 3386 3268 3281 3232 3229 3297 3387 3356 3342 3284 3264 3220 3325 3294 3229 3276 3347 3316 3370 3313 3270 3116 3141 3196 3193 3141 3230 3343 3306 3237 3262 3304 3407 3482 3368 3578 3852 4073 4190 4303 4428 4564 4917 5048 5572 6104 6553 7552 8567 10838 12926 15248 18740 18960 18710 
18990 19017 19019 19058 17035 11117 9047 7868 7252 6511 6266 5663 5178 4837 4529 4126 3962 3895 3630 3353 3344 3340 3322 3212 3119 3259 3240 3479 3415 3300 3346 3345 3160 3307 3299 3392 3276 3410 3351 3404 3295 3245 3175 3232 3279 3230 3173 3230 3295 3111 3271 3458 3355 3490 3444 3462 3521 3648 4014 4097 4312 4454 4616 4747 5036 5482 6140 6848 7622 8735 11055 13015 15939 18890 18749 18917 
18557 18970 18933 19035 16811 10941 8937 8078 7257 6841 6299 5664 5336 4914 4386 4038 3880 3803 3561 3479 3479 3345 3261 3295 3153 3115 3281 3375 3400 3219 3360 3395 3132 3201 3271 3231 3266 3556 3420 3427 3223 3135 3188 3302 3215 3194 3173 3151 3245 3305 3316 3382 3276 3339 3511 3619 3572 3829 3936 4218 4406 4583 4497 4913 5081 5620 5741 6623 7579 8642 11035 13051 15739 18587 18932 18987 
18788 19058 18886 18965 17130 11208 9208 8305 7498 6807 6284 5771 5194 4681 4465 4077 3909 3812 3691 3395 3350 3374 3314 3330 3221 3260 3243 3329 3433 3279 3300 3374 3258 3270 3226 3214 3297 3601 3522 3361 3147 3193 3166 3230 3164 3146 3079 3237 3252 3322 3311 3355 3434 3440 3463 3576 3754 3880 3979 4086 4412 4523 4624 4822 5052 5422 5984 6824 7540 8581 10707 13022 15455 18776 18842 18701 
18821 18611 18929 19059 16850 11259 9333 8298 7568 6623 6222 5622 5105 4665 4533 4129 3968 3851 3598 3515 3356 3295 3249 3253 3171 3213 3151 3324 3332 3325 3172 3240 3244 3151 3229 3273 3288 3554 3390 3305 3296 3217 3314 3184 3155 3126 3082 3167 3259 3287 3374 3355 3365 3482 3639 3547 3811 3822 3998 4257 4168 4418 4621 4917 5107 5508 5892 6609 7702 8592 10794 13280 15661 18472 19018 19010 
18889 19077 19147 19028 16491 11361 9375 8202 7452 6706 6113 5396 5122 4714 4453 4077 3988 3759 3522 3504 3300 3238 3253 3246 3127 3233 3250 3407 3394 3209 3178 3256 3254 3180 3181 3230 3496 3597 3169 3138 3267 3290 3235 3157 3175 3072 3205 3142 3242 3439 3276 3334 3400 3511 3414 3783 3663 3887 4117 4285 4471 4508 4599 4973 5286 5511 6108 6662 7605 8377 10947 13193 15477 18437 18876 18922 
18764 18906 18870 18887 16403 11728 9707 8231 7537 6598 5872 5366 5034 4714 4376 4198 4053 3885 3606 3411 3382 3265 3182 3265 3220 3178 3239 3363 3283 3207 3262 3216 3115 3236 3124 3242 3653 3573 3226 3284 3225 3234 3194 3076 3204 3204 3090 3235 3179 3463 3271 3360 3401 3412 3564 3642 3764 3914 4120 4413 4629 4649 4820 5014 5300 5466 6029 6486 7324 8407 10963 13337 15752 18391 18806 18873 
18656 19005 19214 18972 16473 11744 9649 8367 7536 6425 5722 5590 5033 4889 4616 4208 3968 3749 3533 3389 3304 3285 3340 3202 3156 3136 3292 3246 3325 3208 3237 3206 3268 3120 3147 3353 3996 3217 3243 3239 3211 3218 3206 3220 3116 3204 3201 3178 3220 3296 3240 3409 3333 3325 3494 3571 3840 3836 4106 4437 4606 4658 4870 4952 5369 5429 6047 6356 7390 8437 10824 13384 15575 17986 18614 19035 
18888 18814 18923 18996 16386 11864 9827 8555 6891 6014 5638 5342 5112 4801 4602 4337 3986 3727 3613 3390 3355 3273 3269 3234 3263 3213 3268 3209 3262 3280 3146 3229 3222 3265 3141 3652 3636 3230 3120 3299 3082 3211 3166 3170 3197 3171 3087 3082 3124 3351 3354 3426 3431 3412 3553 3549 3792 3760 3993 4331 4692 4878 5079 5208 5498 5580 6093 6516 7579 8680 10625 13318 15261 18073 18788 18751 
18982 18825 18904 19057 16320 11811 9821 8023 6766 6170 5653 5392 5111 4823 4649 4331 4070 3747 3530 3418 3324 3290 3257 3224 3180 3136 3290 3342 3162 3136 3096 3163 3067 3193 3237 3821 3265 3332 3180 3266 3136 3176 3190 3250 3281 3266 3085 3161 3205 3305 3383 3345 3362 3504 3429 3641 3692 3796 4206 4346 4520 4849 5029 5386 5773 5692 6014 6604 7553 8613 10844 13119 15312 17844 18569 19042 
18632 18832 18915 18952 16426 12101 9820 7878 6735 6118 5658 5408 5125 4878 4476 4377 4104 3670 3568 3380 3216 3223 3286 3221 3194 3138 3046 3207 3195 3266 3181 3138 3204 3201 3484 3617 3330 3346 3316 3235 3195 3265 3140 3198 3190 3119 3131 3189 3329 3339 3424 3424 3356 3479 3516 3510 3710 3709 4025 4320 4691 4843 5083 5349 5651 5788 6227 6597 7447 8363 10692 12933 15129 17763 18796 18890 
19040 18923 18924 18914 16771 12122 9203 7650 6776 6141 5605 5448 5079 4797 4452 4486 4126 3857 3520 3464 3415 3272 3213 3289 3084 3097 3121 3180 3297 3147 3260 3225 3154 3340 3608 3453 3236 3308 3297 3330 3367 3292 3290 3150 3150 3296 3098 3039 3234 3309 3368 3387 3462 3424 3505 3500 3802 3815 4077 4434 4587 4942 5051 5446 5704 6070 6209 6678 7247 8355 10451 13130 15219 17663 18917 18746 
18747 18901 18894 18731 16927 11824 8770 7460 6861 6208 5641 5357 5089 4846 4470 4416 4150 3903 3760 3424 3279 3243 3142 3264 3169 3213 3116 3102 3192 3062 3300 3183 3278 3335 3612 3343 3247 3303 3209 3413 3330 3240 3179 3251 3330 3243 3248 3151 3063 3189 3424 3432 3508 3473 3581 3723 3806 3822 4009 4232 4714 4838 5027 5218 5962 6098 6406 6695 7458 8445 10420 12821 15003 17433 19001 19025 
18727 18958 18691 18681 17058 11423 8432 7551 6901 6200 5608 5349 5105 4854 4481 4417 4086 3905 3597 3419 3214 3181 3167 3267 3225 3224 3215 3176 3136 3200 3143 3151 3303 3524 3503 3433 3222 3241 3248 3221 3254 3221 3306 3249 3207 3246 3168 3196 3218 3262 3308 3392 3444 3503 3480 3685 3761 3767 3946 4329 4695 4958 5173 5419 5837 6523 6483 7037 7649 8418 10328 12842 14734 17440 19037 18865 
